3870 3270
3606 2689
3590 3381
3625 3264
3689 3442
3586 3158
3894 2670
3519 3419
3711 2553
3961 3494
3713 2960
3505 2833
3851 2884
3649 3000
3742 3355
3924 2775
3907 3201
3869 2698
3810 2635
3609 3152
4000 2623
3873 3249
3548 3415
3555 3215
3920 3448
3820 2584
3962 3074
3774 2924
3905 3267
3977 2637
3848 3485
3748 2544
3509 2760
3919 3257
3603 2829
3568 3404
3583 2750
3936 2761
3974 2688
3512 3382
3507 2912
3834 2733
3665 2873
3823 3443
3971 2751
3816 2783
3969 3296
3626 2909
3757 3284
3807 3100
3785 3322
3933 3370
3663 2588
3864 2908
3839 3289
3725 2764
3991 3060
3764 2642
3861 3361
3703 2906
3759 2730
3808 2931
3752 3014
3734 3150
3580 2772
3574 2541
3710 3255
3592 3470
3876 2700
3770 3392
3860 2848
3813 2534
3998 2659
3550 2785
3827 2821
3667 2905
3680 2546
3696 3013
3777 3001
3506 2992
3738 2891
3632 2955
3856 3226
3556 3342
3534 2709
3633 2639
3743 2632
3558 3447
3917 3280
3915 3214
3607 3393
3643 2903
3701 3159
3775 2792
3797 2949
3957 2557
3928 2840
3648 2624
3517 3072
3997 2718
3841 3372
3579 3464
3659 2705
3931 2628
3576 3316
3617 3063
3945 3089
3578 3314
3720 2926
3515 2633
3955 3239
3744 2808
3540 3143
3688 2604
3716 3320
3838 2746
3921 2893
3872 2786
3858 2788
3601 2503
3660 2563
3836 2522
3825 2763
3984 3017
3511 2907
3829 3108
3585 2657
3747 2643
3750 2603
3682 2923
3874 2656
3989 3326
3951 3374
3792 3335
3616 3266
3993 3420
3882 3041
3615 3465
3906 2938
3976 3254
3561 2540
3981 2680
3647 2965
3918 3413
3527 2573
3520 2755
3504 3163
3732 3383
3501 2577
3622 2609
3849 3394
3975 2885
3695 3428
3946 3482
3900 3282
3799 2972
3910 3444
3668 2600
3641 2842
3832 2816
3990 2771
3804 3141
3966 3064
3867 2837
3531 3104
3835 2896
3776 3412
3503 2625
3846 3453
3983 3068
3593 3202
3719 3446
3658 3365
3828 3406
3751 2836
3535 3198
3566 2552
3630 2874
3728 3137
3772 2575
3510 2973
3756 3408
3545 3138
3735 3206
3972 3222
3718 2933
3596 3220
3594 2505
3559 2807
3963 2687
3541 2866
3909 3290
3699 2839
3960 2531
3853 3489
3584 2706
3783 3432
3965 3125
3801 3081
3560 2922
3932 2789
3922 2668
3883 3032
3524 2613
3746 3325
3737 3312
3513 3200
3956 3123
3976 1989
3706 3497
3727 2865
3745 2976
3753 2940
3881 2621
3700 3701
3999 2738
3637 2615
3564 2743
3529 3193
3683 2809
3651 2795
3508 2702
3532 2711
3803 2779
3857 2826
3755 3400
3953 2562
3929 3351
3739 3043
3528 2580
3653 2850
3714 3112
3709 2597
3863 2864
3959 3211
3754 3434
3916 2616
3782 3011
3634 3346
3940 3252
3988 3199
3890 2626
3679 2901
3934 3121
3769 2542
3691 3308
3767 3309
3930 3113
3879 3399
3565 3161
3855 3107
3766 2762
3818 2520
3525 3045
3523 2862
3904 2886
3880 3023
3765 3118
3722 2549
3521 3053
3614 2523
3942 3176
3543 2740
3784 3007
3717 2793
3570 3323
3690 3303
3994 3263
3812 3472
3600 3253
3724 2818
3569 3234
3536 2950
3612 2995
3779 3397
3805 3384
3666 3065
3547 2936
3731 3232
3657 3449
3941 2966
3796 2655
3912 2650
3522 3142
3800 3018
3978 3004
3789 3166
3599 2559
3652 2602
3893 3498
3587 2827
10 10
3639 3258
3646 2777
3533 2618
3778 2612
3913 2758
3935 3185
3662 2876
3793 3459
3798 2794
3608 2737
3685 2587
3889 2681
3675 2679
3878 2857
3927 2532
3589 2985
3763 3378
3819 3030
3575 3479
3530 3026
3992 3144
3850 3015
3604 3367
3677 3238
3926 2916
3773 2828
3970 2984
3700 3700
3899 3189
3987 2947
3817 3499
3897 3275
3768 2736
3673 3177
3844 3246
3514 3353
3815 2770
3888 3191
3567 3356
3780 2798
3871 2883
3698 2880
3892 2504
3544 2660
3611 3077
3552 2811
3979 2617
3896 2708
3671 3440
3635 2920
3638 2677
3627 2539
3642 3088
3573 2554
3884 3327
3814 2796
3831 3310
3726 2765
3761 3097
3582 2994
3995 2704
3891 3224
3629 3139
3661 2929
3670 2720
3581 3042
3700 3702
3833 3181
3854 2572
3937 3054
3821 3286
3762 3110
3518 3345
3623 2754
3694 2521
3923 2915
7200 3601
3903 2928
3700 2767
3553 2851
3911 2921
3577 3491
3650 3101
3591 3050
3697 3373
3656 3429
3684 3276
3693 2673
3678 2902
3723 3235
7202 3602
3674 2859
3557 2854
3708 3421
3822 3087
3902 3262
3806 3458
3537 3203
3740 2835
3760 3156
3826 2735
3868 2790
3672 3348
3895 3271
3898 3268
3712 3398
3949 3109
3973 3078
3802 3048
3982 2952
3595 3471
3588 2565
3676 2514
3707 2799
3563 3455
3619 2968
3886 3389
3687 2701
3749 2875
3729 2820
3795 2934
3862 3223
3702 3227
3681 3027
3538 3317
3640 2548
3791 2852
3715 2707
3644 3231
3943 3149
3655 3330
3741 3128
3610 3496
3692 2509
3925 3475
3686 2560
3908 2611
3967 3377
3830 3409
3914 2925
3788 2914
3736 3175
3865 3256
3618 3162
3837 2528
3842 3439
3631 3179
7198 3600
3546 3037
3948 2887
3624 3099
3809 3225
3571 3187
3885 3261
3944 2971
3730 3454
3877 2927
3771 2982
3597 3039
3859 2969
3980 3169
3843 3114
3598 3079
3901 2500
3996 2567
3704 3344
3664 2787
3605 3025
3526 2644
3866 3067
3794 3273
3840 2766
3654 2513
3845 3285
3758 3297
3786 3085
3613 3352
3705 3221
3824 2696
3628 2904
3964 2861
3968 2555
3938 2998
3572 3154
3790 2508
3502 3084
3562 2939
3669 3364
3645 3307
3549 3155
3950 2999
3952 3396
3621 3294
3954 3445
3620 2537
3887 3483
3733 2753
3986 3343
3847 3334
3539 2547
3554 3056
3958 3288
3516 3044
3985 2678
3787 2581
3636 3476
3542 2825
3602 3490
3551 2937
3721 3102